
Temp=[
0.0718 	 -0.0034 	 -0.0082 	 0.0000 	 
0.0786 	 0.0034 	 -0.0012 	 0.0000 	 
0.0650 	 -0.0103 	 -0.0035 	 0.0000 	 
0.0855 	 -0.0034 	 -0.0012 	 0.0000 	 
0.0718 	 -0.0103 	 -0.0059 	 0.0000 	 
0.0718 	 0.0034 	 -0.0035 	 0.0000 	 
0.0786 	 -0.0103 	 -0.0035 	 0.0000 	 
0.0718 	 0.0034 	 -0.0035 	 0.0000 	 
0.0650 	 -0.0103 	 -0.0082 	 0.0000 	 
0.0718 	 0.0034 	 -0.0035 	 0.0000 	 
10.5675 	 0.0923 	 -1.1353 	 5.0000 	 
10.6838 	 0.1744 	 -1.0014 	 5.0000 	 
10.8205 	 0.2701 	 -0.9310 	 5.0000 	 
10.9231 	 0.5026 	 -0.8511 	 5.0000 	 
10.8752 	 0.6325 	 -0.8746 	 5.0000 	 
10.9094 	 0.7897 	 -0.8347 	 5.0000 	 
10.9846 	 0.9812 	 -0.7690 	 5.0000 	 
10.9026 	 1.0291 	 -0.8183 	 5.0000 	 
10.9641 	 1.0769 	 -0.7877 	 5.0000 	 
10.9846 	 1.1726 	 -0.7619 	 5.0000 	 
11.0393 	 1.3504 	 -0.8159 	 5.0000 	 
11.0256 	 1.3983 	 -0.7713 	 5.0000 	 
11.0256 	 1.4393 	 -0.6680 	 5.0000 	 
11.0325 	 1.5145 	 -0.7032 	 5.0000 	 
11.1077 	 1.6718 	 -0.6703 	 5.0000 	 
11.0735 	 1.7197 	 -0.7619 	 5.0000 	 
11.0188 	 1.7607 	 -0.7619 	 5.0000 	 
11.0598 	 1.8427 	 -0.7056 	 5.0000 	 
11.0530 	 1.9932 	 -0.6281 	 5.0000 	 
11.1350 	 2.0479 	 -0.6234 	 5.0000 	 
11.1487 	 2.0479 	 -0.6727 	 5.0000 	 
11.1214 	 2.1573 	 -0.6187 	 5.0000 	 
11.1966 	 2.2667 	 -0.5647 	 5.0000 	 
11.1419 	 2.3214 	 -0.6985 	 5.0000 	 
11.1419 	 2.3350 	 -0.5976 	 5.0000 	 
11.1077 	 2.4034 	 -0.6445 	 5.0000 	 
11.2239 	 2.5060 	 -0.5647 	 5.0000 	 
11.1761 	 2.5470 	 -0.5882 	 5.0000 	 
11.1009 	 2.5812 	 -0.6070 	 5.0000 	 
11.2650 	 2.6769 	 -0.5248 	 5.0000 	 
11.1624 	 2.8205 	 -0.6445 	 5.0000 	 
11.2444 	 2.8342 	 -0.5177 	 5.0000 	 
11.2239 	 2.8547 	 -0.5553 	 5.0000 	 
11.2650 	 2.9231 	 -0.5764 	 5.0000 	 
11.3128 	 2.9983 	 -0.4356 	 5.0000 	 
11.2171 	 3.0393 	 -0.5530 	 5.0000 	 
11.2991 	 3.0530 	 -0.5130 	 5.0000 	 
11.2103 	 3.1009 	 -0.5013 	 5.0000 	 
11.2786 	 3.2513 	 -0.5201 	 5.0000 	 
11.1966 	 3.2376 	 -0.5342 	 5.0000 	 
11.2650 	 3.2855 	 -0.5882 	 5.0000 	 
11.3060 	 3.3538 	 -0.5318 	 5.0000 	 
11.2376 	 3.4564 	 -0.5295 	 5.0000 	 
11.2923 	 3.4701 	 -0.4849 	 5.0000 	 
11.2650 	 3.4974 	 -0.5083 	 5.0000 	 
11.2581 	 3.5521 	 -0.5224 	 5.0000 	 
11.2650 	 3.6479 	 -0.5436 	 5.0000 	 
11.2923 	 3.6821 	 -0.4872 	 5.0000 	 
11.2513 	 3.6957 	 -0.4778 	 5.0000 	 
11.2855 	 3.7094 	 -0.5459 	 5.0000 	 
11.3197 	 3.8051 	 -0.4614 	 5.0000 	 
11.2513 	 3.8325 	 -0.5389 	 5.0000 	 
11.2991 	 3.8530 	 -0.5060 	 5.0000 	 
11.2513 	 3.9350 	 -0.4473 	 5.0000 	 
11.3402 	 4.0103 	 -0.4943 	 5.0000 	 
11.3470 	 4.0103 	 -0.4567 	 5.0000 	 
11.3265 	 4.0376 	 -0.5459 	 5.0000 	 
11.2786 	 4.0923 	 -0.4708 	 5.0000 	 
11.3060 	 4.1949 	 -0.4426 	 5.0000 	 
11.2991 	 4.2085 	 -0.4402 	 5.0000 	 
11.2718 	 4.2222 	 -0.4590 	 5.0000 	 
11.3333 	 4.2632 	 -0.4097 	 5.0000 	 
11.2991 	 4.3316 	 -0.4755 	 5.0000 	 
11.3812 	 4.3726 	 -0.4285 	 5.0000 	 
11.2786 	 4.3658 	 -0.4825 	 5.0000 	 
11.3402 	 4.4000 	 -0.5177 	 5.0000 	 
11.3470 	 4.5094 	 -0.4402 	 5.0000 	 
11.3607 	 4.5368 	 -0.4356 	 5.0000 	 
11.2650 	 4.5368 	 -0.4543 	 5.0000 	 
11.3949 	 4.5846 	 -0.4567 	 5.0000 	 
11.3607 	 4.6393 	 -0.4661 	 5.0000 	 
11.2786 	 4.6735 	 -0.4755 	 5.0000 	 
11.3949 	 4.7009 	 -0.4449 	 5.0000 	 
11.2718 	 4.6940 	 -0.4966 	 5.0000 	 
11.3538 	 4.7897 	 -0.4285 	 5.0000 	 
11.3197 	 4.8171 	 -0.4426 	 5.0000 	 
11.3607 	 4.8171 	 -0.4027 	 5.0000 	 
11.4085 	 4.8855 	 -0.3886 	 5.0000 	 
11.4427 	 4.9470 	 -0.3440 	 5.0000 	 
11.3949 	 4.9812 	 -0.4215 	 5.0000 	 
11.4222 	 4.9538 	 -0.4426 	 5.0000 	 
11.4222 	 4.9949 	 -0.3722 	 5.0000 	 
11.4222 	 5.0496 	 -0.3839 	 5.0000 	 
11.4017 	 5.0838 	 -0.3862 	 5.0000 	 
11.4017 	 5.0974 	 -0.4614 	 5.0000 	 
11.4085 	 5.1248 	 -0.3557 	 5.0000 	 
11.3812 	 5.1863 	 -0.4003 	 5.0000 	 
11.4154 	 5.2205 	 -0.3604 	 5.0000 	 
11.3949 	 5.2000 	 -0.3745 	 5.0000 	 
11.4564 	 5.2752 	 -0.4074 	 5.0000 	 
11.3812 	 5.3231 	 -0.4379 	 5.0000 	 
11.3607 	 5.3299 	 -0.4285 	 5.0000 	 
11.3675 	 5.3299 	 -0.3769 	 5.0000 	 
11.3744 	 5.3641 	 -0.4590 	 5.0000 	 
11.3197 	 5.4325 	 -0.4402 	 5.0000 	 
11.3607 	 5.4393 	 -0.3745 	 5.0000 	 
11.3402 	 5.4393 	 -0.4567 	 5.0000 	 
11.4359 	 5.5077 	 -0.3886 	 5.0000 	 
11.4291 	 5.5487 	 -0.3651 	 5.0000 	 
11.3470 	 5.5761 	 -0.3722 	 5.0000 	 
11.4427 	 5.5350 	 -0.3792 	 5.0000 	 
11.3607 	 5.5966 	 -0.4285 	 5.0000 	 
11.4291 	 5.6308 	 -0.3815 	 5.0000 	 
11.4222 	 5.6513 	 -0.3158 	 5.0000 	 
11.3538 	 5.6855 	 -0.3745 	 5.0000 	 
11.3265 	 5.6650 	 -0.4285 	 5.0000 	 
11.3949 	 5.7128 	 -0.3956 	 5.0000 	 
11.4291 	 5.7470 	 -0.3510 	 5.0000 	 
11.4085 	 5.7197 	 -0.3769 	 5.0000 	 
11.3812 	 5.8222 	 -0.3815 	 5.0000 	 
11.3949 	 5.8291 	 -0.3698 	 5.0000 	 
11.4017 	 5.8564 	 -0.3745 	 5.0000 	 
11.3949 	 5.8906 	 -0.3956 	 5.0000 	 
11.3880 	 5.8906 	 -0.3675 	 5.0000 	 
11.4017 	 5.9179 	 -0.3346 	 5.0000 	 
11.4154 	 5.9932 	 -0.3252 	 5.0000 	 
11.3402 	 5.9521 	 -0.4003 	 5.0000 	 
11.4427 	 5.9795 	 -0.3769 	 5.0000 	 
11.4838 	 6.0547 	 -0.3275 	 5.0000 	 
11.4564 	 6.0752 	 -0.3158 	 5.0000 	 
11.4085 	 6.0752 	 -0.3158 	 5.0000 	 
11.3949 	 6.1026 	 -0.3228 	 5.0000 	 
11.4085 	 6.1573 	 -0.3628 	 5.0000 	 
11.3880 	 6.1573 	 -0.3722 	 5.0000 	 
11.4701 	 6.1504 	 -0.3745 	 5.0000 	 
11.5385 	 6.1641 	 -0.3487 	 5.0000 	 
11.4564 	 6.2393 	 -0.3557 	 5.0000 	 
11.4154 	 6.2256 	 -0.3135 	 5.0000 	 
11.4427 	 6.2393 	 -0.3228 	 5.0000 	 
11.4222 	 6.2735 	 -0.3792 	 5.0000 	 
11.4427 	 6.2598 	 -0.3651 	 5.0000 	 
11.4017 	 6.3624 	 -0.4027 	 5.0000 	 
11.4427 	 6.3214 	 -0.3604 	 5.0000 	 
11.4427 	 6.3009 	 -0.3158 	 5.0000 	 
11.4085 	 6.4103 	 -0.3862 	 5.0000 	 
11.4974 	 6.3966 	 -0.3557 	 5.0000 	 
11.4291 	 6.4239 	 -0.2994 	 5.0000 	 
11.4154 	 6.4239 	 -0.2876 	 5.0000 	 
11.3538 	 6.4308 	 -0.3487 	 5.0000 	 
11.4632 	 6.4718 	 -0.2994 	 5.0000 	 
11.4291 	 6.4239 	 -0.2947 	 5.0000 	 
11.4085 	 6.5265 	 -0.3299 	 5.0000 	 
11.4496 	 6.5470 	 -0.3956 	 5.0000 	 
11.4359 	 6.4855 	 -0.2923 	 5.0000 	 
11.4222 	 6.5812 	 -0.4050 	 5.0000 	 
11.4701 	 6.5402 	 -0.3416 	 5.0000 	 
11.4496 	 6.6017 	 -0.3604 	 5.0000 	 
11.4154 	 6.6154 	 -0.2970 	 5.0000 	 
11.4769 	 6.6427 	 -0.3698 	 5.0000 	 
11.4769 	 6.6701 	 -0.3369 	 5.0000 	 
11.4632 	 6.6906 	 -0.3745 	 5.0000 	 
11.4427 	 6.6769 	 -0.2994 	 5.0000 	 
11.4564 	 6.6906 	 -0.3956 	 5.0000 	 
11.4427 	 6.7179 	 -0.3346 	 5.0000 	 
11.4154 	 6.7316 	 -0.3182 	 5.0000 	 
11.4974 	 6.7179 	 -0.3135 	 5.0000 	 
11.4222 	 6.7863 	 -0.3322 	 5.0000 	 
11.4154 	 6.7248 	 -0.3416 	 5.0000 	 
11.4427 	 6.8274 	 -0.3299 	 5.0000 	 
11.4496 	 6.8274 	 -0.3111 	 5.0000 	 
11.4154 	 6.7248 	 -0.2571 	 5.0000 	 
11.4974 	 6.7932 	 -0.3299 	 5.0000 	 
11.4838 	 6.8821 	 -0.2994 	 5.0000 	 
11.4496 	 6.8957 	 -0.2806 	 5.0000 	 
11.4769 	 6.8615 	 -0.3088 	 5.0000 	 
11.4838 	 6.9231 	 -0.3416 	 5.0000 	 
11.4701 	 6.9436 	 -0.3346 	 5.0000 	 
11.4564 	 6.8615 	 -0.2994 	 5.0000 	 
11.4632 	 6.9915 	 -0.3510 	 5.0000 	 
11.4906 	 6.9436 	 -0.3017 	 5.0000 	 
11.4564 	 7.0188 	 -0.2665 	 5.0000 	 
11.4838 	 7.0256 	 -0.2923 	 5.0000 	 
11.4496 	 7.0188 	 -0.3041 	 5.0000 	 
11.4769 	 7.0393 	 -0.3252 	 5.0000 	 
11.4769 	 7.0598 	 -0.3041 	 5.0000 	 
11.4427 	 7.0735 	 -0.3158 	 5.0000 	 
11.4769 	 7.1009 	 -0.3534 	 5.0000 	 
11.4564 	 7.0256 	 -0.2618 	 5.0000 	 
11.4496 	 7.0735 	 -0.2994 	 5.0000 	 
11.5043 	 7.1214 	 -0.2994 	 5.0000 	 
11.5043 	 7.1350 	 -0.2876 	 5.0000 	 
11.4769 	 7.0940 	 -0.3275 	 5.0000 	 
11.4564 	 7.1624 	 -0.3369 	 5.0000 	 
11.4632 	 7.1145 	 -0.2853 	 5.0000 	 
11.4222 	 7.1214 	 -0.3510 	 5.0000 	 
11.4769 	 7.1761 	 -0.2759 	 5.0000 	 
11.5179 	 7.2239 	 -0.3041 	 5.0000 	 
11.5111 	 7.2444 	 -0.2900 	 5.0000 	 
11.5179 	 7.2308 	 -0.3088 	 5.0000 	 
